//numéro		X1		X2		X3		Y	
A=[[
1	,	124	,	33	,	8	,	81	],[
2	,	49	,	31	,	6	,	55	],[
3	,	181	,	38	,	8	,	80	],[
4	,	4	,	17	,	2	,	24	],[
5	,	22	,	20	,	4	,	78	],[
6	,	152	,	39	,	6	,	52	],[
7	,	75	,	30	,	7	,	88	],[
8	,	54	,	29	,	7	,	45	],[
9	,	43	,	35	,	6	,	50	],[
10	,	41	,	31	,	5	,	69	],[
11	,	17	,	23	,	4	,	66	],[
12	,	22	,	21	,	3	,	45	],[
13	,	16	,	8	,	3	,	24	],[
14	,	10	,	23	,	3	,	43	],[
15	,	63	,	37	,	6	,	38	],[
16	,	170	,	40	,	8	,	72	],[
17	,	15	,	38	,	6	,	41	],[
18	,	15	,	25	,	4	,	38	],[
19	,	221	,	39	,	7	,	52	],[
20	,	171	,	33	,	7	,	52	],[
21	,	97	,	38	,	6	,	66	],[
22	,	254	,	39	,	8	,	89	]]
